#количество вершин, затем координаты вершин по порядку
12
 1.0 -2.0 0.0
 1.0  2.0 0.0
-1.0  2.0 0.0
-1.0 -2.0 0.0
 1.0 -2.0 2.5
 1.0  0.0 2.5
 1.0  2.0 2.5
-1.0  2.0 2.5
-1.0  0.0 2.5
-1.0 -2.0 2.5
 0.0  2.0 3.5
 0.0  0.0 3.5
#количество граней, затем описание каждой грани 
#первое число - количество вершин
9
4  0  1  2  3  
4  9  4  0  3
4  7  9  3  2 
4 10 11  8  7
3 11  5  8 
4  4  6  1  0
5 10  7  2  1  6
4  9  8  5  4
4 11 10  6  5
#направление нормалей граней
#сколько нормалей - столько и граней
 0.0       0.0 -1.0
 0.0      -1.0  0.0
-1.0       0.0  0.0
-0.707107  0.0  0.707107
 0.0      -1.0  0.0
 1.0       0.0  0.0
 0.0       1.0  0.0
 0.0       0.0  1.0
 0.707107  0.0  0.707107
#описания текстурных координат -  по одной на каждую вершину грани
#сколько граней столько и текстур
0.0  0.0   0.0  0.0  0.0  0.0  0.0  0.0
0.0  0.0   0.5  0.0  0.5  0.25 0.0  0.25
1.0  0.25  0.5  0.25 0.5  0.5  1.0  0.5
1.0  0.5   0.5  0.5  0.5  0.75 1.0  0.75
0.25 0.75  0.5  1.0  0.0  1.0
0.0  0.25  0.5  0.25 0.5  0.5  0.0  0.5
1.0  0.125 0.75 0.25 0.5  0.25 0.5  0.0  0.75  0.0
0.0  0.5   0.5  0.5  0.5  0.75 0.0  0.75
0.5  0.75  1.0  0.75 1.0  1.0  0.5  1.0

